-0.376380 1.245404 -2.463206
1.352143 0.840241 9.000000
0.695982 0.273819 -2.274020
0.295975 1.534488 4.312057
-1.031944 1.211828 -3.490805
-1.032016 -0.093458 1.570569
-1.325749 1.777318 1.054382
1.098528 1.556343 9.000000
0.303345 1.874500 6.927059
0.624218 1.314299 6.915367
-1.438247 1.033538 -0.019196
1.409730 0.545608 9.000000
0.997328 1.831821 9.000000
-0.862983 1.665160 -0.469441
-0.954525 -0.386953 2.730231
-0.949786 -0.434083 3.001587
-0.587273 0.441158 -2.635676
0.074269 1.526383 1.695377
-0.204165 1.968190 -1.736291
-0.626313 -0.123958 0.878554
0.335559 0.985327 2.159636
-1.081518 0.452227 -1.191093
-0.623566 1.924786 0.519974
-0.400914 1.605297 -6.773426
-0.131790 1.595822 -2.667235
0.855528 0.671733 4.350558
-0.900979 0.537049 -1.855681
0.042703 0.183518 -3.152914
0.277244 -0.359061 1.384526
-1.360649 1.661806 0.954726
0.322635 1.532253 4.608166
-0.988428 1.999294 1.495081
-1.304845 1.991592 1.328465
1.346657 0.888579 9.000000
1.396896 1.422469 9.000000
0.925192 1.861914 9.000000
-0.586159 1.624118 -5.217893
-1.206984 0.118370 1.085011
0.552699 0.626360 -0.145302
-0.179543 -0.177101 -0.091906
-1.133885 1.885128 1.207841
-0.014469 1.015437 1.113138
-1.396834 0.071607 1.661412
1.227961 1.179252 9.000000
-0.723660 1.045321 -4.255731
0.487567 0.395407 -2.486108
-0.564867 -0.216106 1.192086
0.060204 1.178933 1.759914
0.140131 0.800769 -0.320609
-0.945437 1.430796 -2.316991
1.408754 0.800409 9.000000
0.825398 1.630454 9.000000
1.318497 0.879767 9.000000
1.184482 0.902345 9.000000
0.293700 1.691634 5.192501
1.265623 0.508707 9.000000
-1.234522 -0.164962 2.306971
-0.912051 -0.428043 2.873311
-1.364318 1.387843 0.662711
-0.524009 1.050774 -1.857866
-0.333968 1.260199 -1.979017
-0.685953 0.032410 0.362008
0.986213 -0.159071 -0.150803
-0.429740 -0.463638 2.405450
-0.657196 0.376469 -2.015887
0.128088 0.974794 1.278264
-1.077227 0.480610 -1.377565
0.906591 0.593687 4.431843
-1.276348 1.760397 1.033668
1.460661 0.370639 9.000000
0.816734 0.784974 5.016411
-0.903853 1.459133 -2.594377
-1.483434 0.491357 -0.492422
0.946384 1.055217 9.000000
0.620572 1.655909 9.000000
0.687022 1.873802 9.000000
0.813811 -0.132316 -2.787167
-1.277866 1.816469 1.095937
-0.424603 0.730291 -1.648465
-1.152393 0.145611 0.858869
1.089310 0.647839 9.000000
0.369894 1.950081 9.000000
-0.507306 0.731545 -1.597203
-1.309325 0.321879 0.060581
-0.567053 1.083502 -2.876783
-0.524450 0.100364 -0.456297
0.688819 -0.310342 1.400119
0.412672 -0.177801 -2.254944
1.161638 -0.179885 4.267670
-0.083355 -0.120243 -1.026400
-1.141217 -0.152932 2.025199
0.639734 1.102187 5.397974
0.782355 -0.045300 -4.612351
0.183832 0.364168 -3.693267
0.812902 1.741971 9.000000
-0.018613 0.684904 -2.273166
0.068198 1.168894 1.773817
-0.217377 -0.069200 -0.800876
-1.423743 -0.019277 2.156908
-1.176326 -0.397828 3.470888
-1.405712 -0.077662 2.387130
0.409231 0.196476 -4.079175
-0.556932 -0.057474 0.400283
0.025712 -0.278244 0.442361
1.222699 -0.198410 6.738895
-0.752123 0.651947 -2.002785
-0.268851 0.015834 -1.045244
0.766653 0.410675 0.233380
-0.813606 0.758543 -2.168307
-1.269060 1.225987 -0.350595
-0.630746 -0.401720 2.252706
-1.016336 1.498526 -0.626888
1.289093 1.069751 9.000000
0.924361 -0.295602 3.115433
0.400211 1.683947 7.074588
1.114382 1.802181 9.000000
0.911016 -0.347305 4.377427
-0.940290 0.192194 0.172199
1.177677 1.515503 9.000000
0.118027 1.370649 2.273075
0.922320 -0.038697 -3.509765
1.188274 0.023373 1.859858
-0.545990 0.426180 -2.738199
-1.169844 0.711307 -2.674914
-0.816195 1.045637 -4.990884
-0.218677 0.422284 -3.760053
0.954044 0.656337 6.174052
1.082192 1.368677 9.000000
-1.479144 -0.408292 5.287025
0.032242 0.131092 -3.015612
-0.247767 1.283374 -0.941904
-0.833677 1.738017 0.014508
-1.140404 0.779194 -3.060885
-0.487154 0.830284 -0.871253
1.328729 -0.232070 9.000000
-0.530391 0.618531 -2.502640
0.056372 0.831543 -0.163869
0.609057 0.106176 -5.008804
-0.409111 0.173108 -1.317494
1.415346 0.443210 9.000000
1.387342 -0.449822 9.000000
-0.744653 0.305198 -1.176569
-0.008254 0.028620 -2.509313
-0.597365 0.318743 -1.818797
-0.645479 -0.200595 1.269691
-1.389339 1.726318 1.014301
0.328693 0.983981 2.116707
0.008037 1.197756 1.568951
-1.345564 1.472928 0.760129
-0.664061 0.746105 -1.642841
1.224798 -0.282699 9.000000
-0.781314 0.842766 -2.409804
-1.065315 0.967103 -4.049108
-0.031642 1.363599 1.059947
1.456951 0.579149 9.000000
-0.773834 -0.181049 1.421734
0.516407 0.209440 -3.920830
0.784859 0.407706 0.437125
-0.787087 1.114793 -5.668627
0.684649 0.926946 4.590746
-0.396651 0.390242 -3.091380
0.396917 1.966288 9.000000
0.400589 1.014437 2.695152
0.107324 0.093067 -3.354412
-1.229131 -0.245544 2.692283
1.005907 -0.117852 -0.910916
-0.537660 0.114894 -0.494543
-0.940444 -0.098297 1.413725
-1.377675 -0.033582 2.099355
0.272679 0.212738 -3.809470
0.532693 -0.066566 -4.612729
-1.450237 1.741914 1.038565
0.036279 -0.299416 0.691674
-0.820513 0.811278 -2.462070
0.435518 0.525992 -2.096407
-0.976901 1.955947 1.395517
0.572813 -0.219903 -1.359618
-0.339794 0.494639 -3.603020
1.310190 1.923676 9.000000
-1.087437 1.663768 0.728277
-0.476801 1.542680 -7.138643
-1.159579 0.144757 0.876084
1.274081 -0.072781 5.665575
1.132018 1.171608 9.000000
-0.726175 1.823440 0.073503
0.479952 0.891907 2.325057
0.951667 0.929032 9.000000
0.165602 0.199948 -3.582721
0.088952 1.423732 2.047753
-0.774443 -0.032391 0.839165
-1.220692 0.309198 0.013739
1.191647 0.563591 9.000000
1.201254 0.769026 9.000000
0.399304 0.106024 -4.693062
-0.482911 -0.212908 1.008976
-0.452371 1.026550 -0.843320
0.677867 0.221576 -3.215212
1.191331 0.953096 9.000000
1.161259 -0.114093 2.507577
0.839627 0.702850 4.434756
0.426095 0.831474 1.353136
-1.247580 -0.370441 3.556351
-1.015114 0.341511 -0.594201
1.195663 -0.163963 4.835942
0.319287 -0.341563 1.128247
-1.472409 1.974901 1.293676
-1.195585 0.305885 -0.002952
0.490505 1.524686 6.866280
-1.484815 0.136602 1.522367
-1.017576 1.203757 -3.791276
0.146201 1.400570 2.510579
0.575686 0.989097 3.892204
0.455884 0.678940 -0.337733
-0.827192 0.529602 -1.976264
0.636538 0.372171 -1.546581
-0.788253 1.823823 0.484603
-0.523801 1.576549 -6.682586
0.739474 1.912567 9.000000
0.448899 -0.189257 -2.073553
1.047670 1.327169 9.000000
0.472839 1.845851 9.000000
0.204926 -0.046917 -3.345863
-1.218976 -0.333759 3.185144
-0.396853 1.352802 -4.633863
-0.704393 0.936183 -2.578692
-0.768031 1.604572 -2.552141
1.419032 -0.150569 9.000000
-0.320707 1.488168 -5.238781
1.176140 0.004068 1.458956
0.393416 -0.090860 -3.805842
0.884434 -0.089336 -3.149435
0.007911 1.536437 0.652470
0.230712 1.162993 2.421239
-0.022447 0.807664 -0.604568
-0.914271 0.397076 -1.216143
0.667356 1.693001 9.000000
-0.657683 0.481113 -2.462099
-1.427052 1.541499 0.890073
0.436417 0.597837 -1.442317
-0.968668 0.442361 -1.329370
1.321376 0.656699 9.000000
1.361786 0.253445 9.000000
1.244593 1.369023 9.000000
-0.389524 0.756801 -1.385932
-1.453630 0.080532 1.745405
1.284956 1.748936 9.000000
-0.215448 0.459728 -3.874691
1.399964 0.858882 9.000000
1.390860 1.766180 9.000000
1.059028 1.060595 9.000000
-0.616653 -0.207755 1.249288
-0.344707 1.849580 -3.621559
1.053410 1.069270 9.000000
-0.549234 0.337264 -2.147895
-0.991522 -0.151820 1.709940
0.170404 1.485063 2.833377
1.308464 1.050182 9.000000
0.588089 0.833653 2.643381
0.210184 1.734731 3.799961
-1.208471 1.471493 0.447224
0.345022 -0.120813 -3.126551
1.470162 0.279305 9.000000
-1.079748 0.121223 0.836584
0.054989 1.359866 1.815049
1.132119 -0.416169 9.000000
0.722306 0.924724 5.065899
0.591047 1.406147 7.295230
0.607452 1.691914 9.000000
-0.421527 0.355204 -2.756376
-0.619224 1.553143 -5.929761
0.928083 -0.223421 0.957237
0.930340 1.616131 9.000000
1.101217 -0.181278 2.738912
1.239722 0.493218 9.000000
0.034027 1.493238 1.272911
0.004549 -0.125206 -1.402457
0.894886 0.073128 -3.847734
0.449892 1.305631 4.541270
0.605901 1.300091 6.480713
0.887378 1.102869 9.000000
1.170016 1.234871 9.000000
-0.486015 0.856811 -0.752618
-0.373251 0.129498 -1.175434
-1.218054 0.364240 -0.379534
0.234840 -0.046006 -3.530810
-1.392173 1.771126 1.054215
-0.103206 0.958479 0.641776
0.127934 0.502129 -3.742341
-0.640376 0.655015 -2.056157
0.272500 1.868208 5.999180
-1.408499 -0.116621 2.593705
-1.387955 0.965575 -0.702844
0.967802 0.764722 7.879183
-0.419428 1.028636 -0.562833
-1.118818 -0.454725 3.681690
0.066730 1.680310 0.929567
0.809981 1.830296 9.000000
-0.852537 0.912833 -3.608499
0.368671 1.241627 3.514347
-1.243958 1.806248 1.084934
-1.344955 1.268097 0.309489
0.094064 -0.118652 -1.933663
0.121905 0.940721 1.034700
0.412290 1.016788 2.781635
0.678274 0.560327 0.527266
1.427556 1.341111 9.000000
0.048901 1.835918 0.093873
-0.531131 1.813921 -2.248929
0.885559 0.627098 4.395361
-0.687503 -0.216905 1.421915
-0.183086 1.962103 -1.864236
-1.264631 1.597245 0.840713
-1.423948 -0.188343 3.058446
1.387945 1.802105 9.000000
1.007940 1.674741 9.000000
0.587923 0.797095 2.238193
-0.273141 0.978189 0.322220
-0.980117 0.497507 -1.590794
-1.030689 -0.363096 2.781213
-0.749271 0.337993 -1.400278
0.147680 1.507134 2.616175
0.643788 -0.488420 4.589821
0.480592 0.333748 -2.890412
-0.660198 0.495422 -2.470503
1.364596 0.843489 9.000000
0.713691 1.799639 9.000000
0.163062 0.365865 -3.722897
0.335162 0.367383 -3.332353
-0.241200 1.343753 -1.586076
-0.756807 0.630545 -2.045803
-0.432082 0.061512 -0.580341
0.773538 0.631099 2.545557
-1.456820 -0.147857 2.945627
-1.151782 -0.059033 1.682617
-1.361992 0.745919 -1.666167
-1.377814 0.547314 -1.213092
1.066382 1.787115 9.000000
0.610974 0.405985 -1.478666
-0.077479 0.951471 0.649707
-1.206498 1.080661 -2.021376
-0.025152 -0.467264 2.396510
-0.079585 1.158843 1.182115
-0.980394 -0.054910 1.333580
-0.198445 1.902676 -3.027579
-0.304486 -0.128343 -0.032659
0.347550 0.536560 -2.603066
0.405281 -0.286626 0.121399
-1.364088 1.992186 1.319655
-0.376162 0.755488 -1.403517
0.377580 0.988463 2.405316
0.009409 -0.332309 1.118672
1.069470 1.374901 9.000000
0.476081 0.024764 -5.141799
-1.011197 1.745136 0.835700
-1.288294 0.012849 1.689412
0.427258 -0.023281 -4.729337
-1.420466 -0.408626 4.850899
0.257327 0.680167 -1.524806
1.320691 0.912103 9.000000
0.226423 -0.335728 1.019335
-0.335490 1.438819 -4.836405
0.429865 0.633222 -1.094762
-0.125241 0.810976 -0.694671
0.136850 0.601907 -2.971566
1.324394 0.501908 9.000000
-0.341692 0.899101 -0.164758
1.383572 -0.111899 9.000000
1.216052 -0.045180 3.080394
-0.912627 1.654464 -0.140700
-1.291916 1.865289 1.152971
-1.197666 0.433273 -0.911009
-1.445335 0.176862 1.213406
-1.216671 1.109999 -1.685864
0.549020 0.521835 -1.190046
-1.286434 -0.436534 4.302813
-0.543073 -0.109619 0.605701
1.034626 1.289931 9.000000
-1.430184 1.147310 0.319976
0.943405 -0.432260 6.808639
-0.654436 0.054930 0.174675
-1.145506 0.077687 1.149111
0.590211 1.179732 5.312311
0.386829 -0.450724 2.860141
1.132416 -0.239729 5.322701
0.705213 1.499790 9.000000
0.910443 -0.053638 -3.465857
-0.653896 1.131865 -4.843402
-0.967681 0.095457 0.728436
0.751844 -0.251397 0.154708
0.920504 0.107930 -3.112911
1.471515 1.305667 9.000000
-0.262147 1.639241 -5.528407
-0.383946 1.575550 -6.737758
0.829239 0.492959 1.987605
-0.477589 1.170213 -2.919226
1.292272 0.012461 5.848935
1.075238 0.232869 2.326910
-0.213018 1.740840 -4.890301
0.752613 -0.467495 5.156167
0.763629 -0.286229 1.227276
-1.190628 0.019716 1.464492
1.207659 -0.433669 9.000000
0.015757 -0.046411 -2.210766
0.979372 0.957604 9.000000
-0.539851 0.553561 -2.827509
1.186570 1.731679 9.000000
-0.332395 1.543609 -6.013453
-1.467487 0.354543 0.171854
1.216146 0.148559 4.512847
-1.226140 0.449231 -0.988615
-0.542059 0.975737 -1.318790
1.350186 0.170159 9.000000
1.351821 1.060372 9.000000
0.220314 0.523529 -3.329027
0.395512 0.880118 1.667239
-0.154663 0.590316 -3.450799
-0.620368 0.236164 -1.063340
-0.514006 1.871133 -1.334570
0.517555 1.409014 6.130025
0.757124 -0.149717 -2.687751
0.874737 1.671170 9.000000
0.868854 0.718578 5.152241
-1.226382 1.736381 0.999167
-0.016739 1.499638 0.500445
-1.327324 0.563034 -1.488210
0.148587 -0.443827 2.327964
-0.175408 0.171693 -2.225289
1.163113 0.854086 9.000000
-0.447255 1.083696 -1.301331
-1.148799 0.144719 0.856594
-1.071025 -0.151610 1.867851
0.784532 1.587326 9.000000
0.354654 1.961005 9.000000
-1.196632 0.814225 -2.904990
-1.247680 -0.070802 1.937021
0.602907 0.180768 -4.118865
-1.281711 -0.454023 4.445816
0.965580 1.785747 9.000000
0.618727 -0.205622 -1.661994
-1.255954 0.941291 -2.189275
-1.245487 0.185138 0.819350
1.459919 0.885445 9.000000
-0.377188 1.128551 -0.941960
-0.388074 1.574355 -6.767142
0.938399 0.016053 -3.609515
1.341746 -0.472510 9.000000
1.458003 -0.157786 9.000000
0.760135 1.750047 9.000000
-0.371221 1.684725 -6.163654
-1.249498 0.993533 -2.017700
0.831441 1.001292 7.655637
0.175213 1.162592 2.175784
-0.227334 -0.061572 -0.804875
1.219063 1.786030 9.000000
-1.166408 0.546926 -1.734454
-0.022125 0.457846 -4.032846
-1.465939 0.797294 -0.683907
-0.094018 -0.382585 1.693920
-1.331090 -0.084292 2.203513
-1.143546 1.345084 -0.673365
-1.147421 -0.293003 2.706882
0.447631 1.007880 2.963881
0.738135 0.113373 -4.586648
0.250106 0.473239 -3.438296
1.386518 0.221734 9.000000
-0.375388 0.389182 -3.155285
-0.642864 1.297615 -6.915539
1.105797 0.242804 3.349149
-0.829212 0.916012 -3.477606
1.389668 0.690126 9.000000
-1.463537 1.159178 0.486860
1.409636 1.842074 9.000000
-1.370520 1.331430 0.569908
1.173429 0.037351 1.442058
0.083103 -0.422042 2.059182
1.478894 0.155660 9.000000
-1.278610 0.987695 -1.710871
0.161563 -0.371435 1.517943
1.407908 0.740916 9.000000
0.069294 0.992107 1.211426
0.388196 0.335610 -3.248579
0.587246 1.427281 7.465415
-0.136377 -0.233504 0.319198
0.382674 -0.312156 0.628989
0.252943 1.320472 3.032543
1.203474 0.738728 9.000000
-1.363661 1.221006 0.237923
-0.657110 0.587068 -2.342957
1.351234 0.116005 9.000000
1.170791 1.547756 9.000000
-0.133030 1.498540 -1.563788
0.360398 1.236741 3.433595
-0.667856 0.180363 -0.499301
-0.935637 0.975577 -4.578900
-0.108905 0.402435 -3.851599
-0.439943 -0.271045 1.274271
0.250968 1.793284 4.917738
-1.266796 -0.157953 2.362875
1.423184 1.875593 9.000000
1.458632 0.615014 9.000000
